Data=[
-919.6800 -421.3900 59.6700 -2.6300 -0.5800 -169.8000;
-919.7000 -421.3900 59.6600 -2.6800 -0.5800 -169.7800;
-919.7100 -421.3500 59.6600 -2.6100 -0.5600 -169.7700;
-919.6500 -421.3500 59.6300 -2.6400 -0.6500 -169.7500;
-919.1200 -421.2500 59.6300 -2.5700 -0.9900 -169.5300;
-918.0600 -420.6700 60.2300 -2.3200 -1.2000 -169.0900;
-916.7100 -420.6200 60.3900 -2.4500 -1.2800 -169.0300;
-915.0500 -420.2300 60.4700 -2.2400 -1.1700 -168.6600;
-913.8400 -422.5200 62.9200 -1.9100 -0.3200 -168.0700;
-911.4700 -422.2000 62.8600 -1.7700 -0.3500 -167.9200;
-908.6000 -421.6400 63.4100 -1.4900 -0.2400 -167.9800;
-905.1700 -421.2300 63.4000 -1.3900 -0.1600 -168.0200;
-900.6000 -420.6900 61.9800 -3.4900 -1.1600 -168.3900;
-896.8800 -420.1300 62.2200 -3.1700 -1.3200 -168.5600;
-892.4900 -418.6900 61.2300 -3.5100 -0.9400 -168.6400;
-888.7400 -418.2700 61.7200 -3.4700 -1.2600 -168.7600;
-884.8800 -417.5200 61.6800 -3.2800 -1.0900 -168.5300;
-880.9000 -416.8200 61.1000 -2.3400 -0.9400 -168.2800;
-877.2000 -416.4600 61.5500 -2.6900 -1.1100 -168.3700;
-873.4100 -415.6700 61.7500 -2.4500 -1.0800 -168.4100;
-869.0100 -415.6700 62.1800 -3.0500 -1.2700 -168.0700;
-865.0700 -415.1600 62.2300 -2.7200 -1.1800 -168.3200;
-860.9200 -414.5400 62.1200 -3.2200 -1.2000 -168.1700;
-856.8600 -413.9900 62.1100 -2.7500 -1.2000 -168.1500;
-852.6900 -413.3200 62.4900 -3.2000 -1.0200 -168.2200;
-848.5400 -412.6100 62.5700 -3.1400 -1.1400 -168.1800;
-844.4500 -411.9900 62.5600 -3.2000 -1.1200 -168.2000;
-840.2300 -411.3500 62.8900 -2.9400 -1.2300 -168.2300;
-835.7100 -411.2400 63.2900 -2.7000 -1.8400 -168.7000;
-831.4800 -410.8400 63.8400 -2.2600 -1.9900 -169.0600;
-827.3200 -410.2100 63.9300 -2.7200 -2.2400 -169.1700;
-823.5200 -409.2100 63.8000 -2.6400 -1.7400 -168.8200;
-819.0100 -409.1300 63.3800 -3.5700 -2.0300 -168.8300;
-814.7000 -408.6600 65.3000 -2.2300 -2.6300 -169.7700;
-811.0900 -407.8300 65.1000 -2.2800 -2.5100 -169.5300;
-807.2300 -406.8300 64.9600 -2.2600 -2.1700 -169.5800;
-803.4000 -406.3100 64.8100 -2.1700 -2.0600 -169.5000;
-798.9900 -405.7400 65.0800 -2.4300 -2.2400 -169.7200;
-794.9800 -404.8400 65.3300 -2.2100 -2.2500 -169.7200;
-790.6400 -404.4900 65.2100 -2.1600 -2.2200 -169.7500;
-786.6000 -403.6800 65.3300 -2.3600 -2.1200 -169.8300;
-782.4900 -403.1800 65.2100 -2.3800 -1.8800 -169.5700;
-778.3200 -402.3100 65.1200 -2.2200 -2.0700 -169.6000;
-774.1000 -401.7200 65.1700 -2.0100 -1.9100 -169.4000;
-770.9100 -400.5900 64.7300 -2.0400 -0.7300 -168.7600;
-766.3100 -399.9300 64.6400 -2.6900 -1.1100 -169.0500;
-761.9700 -399.0600 64.3300 -2.9500 -1.0000 -169.2400;
-757.8100 -398.4900 64.4100 -3.1600 -0.9900 -169.3200;
-753.8800 -397.8400 64.4800 -3.4500 -0.9300 -169.2800;
-749.3400 -396.6700 63.6000 -2.6200 -1.0200 -169.2600;
-745.3300 -395.9800 63.8200 -2.3100 -1.0800 -169.4100;
-740.4400 -395.4800 63.6700 -2.6900 -1.3900 -169.2500;
-736.6400 -395.0900 64.0900 -2.5400 -1.4800 -169.1700;
-732.4700 -394.8400 64.4800 -2.8000 -1.4100 -169.0400;
-728.3900 -394.1800 64.8800 -2.4900 -2.0200 -169.2500;
-724.9500 -393.9200 65.7600 -0.9700 -1.0200 -168.6100;
-719.9300 -393.0700 64.6200 -2.6100 -1.9600 -169.3100;
-715.7300 -392.6000 64.4500 -2.4100 -1.9900 -169.3200;
-711.1600 -391.7800 64.6400 -2.3400 -1.8800 -169.2400;
-707.1900 -391.7200 65.1200 -2.5300 -1.5300 -169.1900;
-703.0100 -391.0800 65.4200 -2.9000 -1.7400 -169.3400;
-698.7300 -390.3100 65.5700 -2.7100 -2.0100 -169.3200;
-694.5800 -389.7900 65.1600 -2.5600 -1.8500 -169.2400;
-690.4100 -389.1900 65.0300 -2.6400 -1.8000 -169.2200;
-686.7900 -388.7100 65.9400 -1.2200 -0.9400 -168.5200;
-682.4800 -387.0600 65.9200 -3.3100 -1.2600 -169.8300;
-678.6300 -386.6600 66.5600 -2.0900 -0.7300 -169.4700;
-674.8700 -386.1500 67.0200 -1.3600 -0.4600 -169.2500;
-669.5400 -384.2600 65.2100 -2.3100 -1.3600 -169.4700;
-665.2000 -383.6500 65.4200 -2.6500 -1.4500 -169.5900;
-661.8600 -384.3600 66.0000 -1.9600 -0.8000 -169.4200;
-657.4100 -382.7800 66.3200 -1.8000 -0.6500 -169.2200;
-652.9500 -382.2100 66.5800 -1.6900 -0.5700 -169.3000;
-649.1500 -382.8600 66.2300 -1.8800 -0.5800 -169.5400;
-643.8200 -381.5700 65.3200 -3.0300 -1.3000 -169.3400;
-639.4900 -381.0500 65.4100 -2.8100 -1.3800 -169.3100;
-635.7800 -380.8100 65.1800 -2.7600 -1.3600 -169.6200;
-631.4800 -379.7700 65.3400 -2.9900 -1.6700 -169.7300;
-627.3300 -379.5600 65.2900 -3.4400 -1.7500 -169.8300;
-623.1000 -378.8300 65.5400 -3.3300 -1.5800 -169.7400;
-618.9100 -378.1000 65.8500 -2.6300 -1.2800 -169.7000;
-614.8100 -377.5000 65.6600 -2.5000 -1.0600 -169.4500;
-611.6000 -376.3900 66.9200 -0.8400 0.0200 -169.4700;
-607.6200 -376.4100 67.1700 -1.2500 -0.2500 -169.0900;
-603.5300 -375.8900 67.1000 -1.1000 -0.2000 -169.0900;
-599.2800 -375.1200 67.1700 -1.1500 -0.0900 -169.0900;
-595.2700 -374.4700 67.2200 -1.1100 -0.2000 -169.1300;
-591.0300 -373.8500 67.3000 -1.1600 0.0200 -169.1700;
-586.6900 -373.2000 67.3300 -0.8900 0.2100 -169.2000;
-581.1600 -372.5400 66.3100 -2.3200 -0.9600 -168.9100;
-577.2100 -372.7700 66.4000 -1.9900 -0.7900 -169.1700;
-573.4800 -372.5500 66.9000 -1.9200 -0.1600 -169.0100;
-568.4400 -370.1100 64.8300 -3.2800 1.0700 -169.7400;
-563.6300 -370.0500 64.5400 -4.0500 0.0900 -169.3100;
-559.1700 -368.9200 64.8200 -3.6900 -0.3200 -168.9800;
-555.5100 -369.9400 66.1400 -3.3300 -1.2600 -169.7200;
-551.0100 -369.3800 66.1600 -3.1000 -1.3500 -169.7800;
-547.0100 -369.0200 66.0500 -3.1900 -1.4500 -169.7800;
-542.7200 -368.6600 66.2300 -3.4700 -1.5900 -169.7900;
-538.3500 -367.5600 66.1200 -3.5600 -1.4300 -169.4800;
-534.3100 -366.0600 66.0800 -2.6500 -1.6400 -169.4000;
-530.6500 -366.3000 66.0800 -2.6200 -1.7000 -169.7100;
-526.2600 -365.6600 66.0900 -3.2800 -1.5300 -169.8700;
-522.2200 -365.1500 66.4300 -3.4700 -1.6400 -169.7000;
-517.7500 -364.4500 66.4700 -3.6500 -1.5500 -169.7200;
-513.6400 -363.8000 66.4200 -2.9600 -1.4000 -169.6200;
-509.5800 -363.3300 66.1300 -2.9800 -1.5100 -169.6600;
-505.6800 -362.3200 67.1300 -2.2100 -1.2100 -168.9900;
-502.7600 -361.1300 67.9000 -0.8100 -0.2500 -169.6100;
-498.6500 -359.3000 68.2400 -1.8300 -0.1500 -168.8700;
-493.9600 -359.0700 67.3100 -1.3300 0.1100 -168.9200;
-489.7600 -358.2200 66.4900 -1.6500 0.8600 -168.7700;
-485.5100 -358.9600 67.9500 -1.8300 -0.3700 -169.4200;
-481.0100 -357.9300 68.4000 -1.7000 -0.4700 -169.0700;
-477.3600 -358.0000 68.2100 -1.6300 -0.1400 -169.4500;
-472.9900 -357.0800 68.2700 -1.5100 -0.3100 -169.5200;
-468.6300 -356.4800 67.9500 -1.1900 -0.2300 -169.5400;
-464.6100 -356.1900 67.9300 -1.3200 -0.3300 -169.3600;
-460.5700 -355.6500 68.0400 -1.8800 -0.3200 -169.2300;
-455.6200 -353.5600 66.9200 -1.9700 -1.1600 -170.4100;
-451.4000 -352.9500 66.7900 -1.9000 -1.3200 -170.3700;
-447.1000 -352.6200 66.7700 -1.8100 -1.4000 -170.2700;
-442.2400 -352.3700 66.0800 -1.9500 -1.9000 -170.1400;
-437.9300 -351.9600 66.4900 -2.0300 -2.1100 -170.1000;
-434.0900 -352.1600 67.8000 -1.9700 -2.0800 -170.5500;
-429.8200 -351.6000 67.5400 -2.0000 -2.0500 -170.6100;
-425.0700 -351.2600 67.3900 -2.0200 -2.5000 -170.6000;
-420.8700 -350.6400 67.7200 -2.0500 -2.5300 -170.5700;
-416.6900 -350.2000 67.4000 -2.5300 -2.4600 -170.8300;
-412.8100 -349.1500 67.9900 -2.3900 -2.0900 -170.8100;
-408.3300 -348.6300 67.8300 -2.4300 -2.4600 -170.7600;
-403.9700 -348.6800 67.7400 -2.3900 -2.6300 -170.7800;
-400.3300 -347.5500 68.2800 -1.7500 -1.8900 -170.8200;
-395.9300 -346.8700 68.0800 -1.5400 -1.9400 -170.8300;
-391.7400 -346.5200 67.7500 -1.8400 -1.9300 -170.7500;
-387.2800 -346.0600 67.9200 -1.8900 -2.4400 -170.8200;
-383.0400 -345.0000 67.3300 -2.3800 -1.9700 -170.5800;
-378.9500 -344.2000 67.4100 -2.4500 -1.7800 -170.4500;
-375.1800 -343.3500 67.4900 -2.3600 -1.4700 -170.5700;
-370.5300 -342.7800 66.9400 -2.0100 -1.8400 -170.3800;
-366.6500 -342.4200 67.1800 -1.9400 -1.3800 -170.6500;
-362.1700 -342.1100 66.7800 -2.1500 -1.8200 -170.5100;
-358.4900 -340.4900 65.8000 -2.8900 -0.0900 -169.5800;
-354.1600 -339.6700 65.7100 -2.9000 -0.1200 -169.6100;
-350.0400 -338.7000 66.2100 -2.6100 0.4200 -169.7000;
-345.9800 -338.0100 66.2000 -2.5100 0.0900 -170.0100;
-341.8900 -337.8200 66.0600 -2.4600 0.1800 -170.5200;
-337.6600 -336.8800 66.0300 -2.7700 0.1500 -170.0000;
-331.9100 -335.0100 64.4000 -0.5700 -1.0100 -169.5200;
-327.8100 -334.3300 64.3900 -0.9200 -1.0800 -169.6900;
-323.5800 -333.5400 64.4800 -0.5300 -1.1000 -169.5100;
-319.3300 -333.4000 64.3700 -0.7600 -0.8100 -169.7400;
-314.8000 -332.5700 64.4600 -1.1500 -1.0500 -169.5800;
-311.0600 -332.1500 64.0000 -0.9400 -0.9200 -169.5500;
-306.6700 -331.6100 64.5700 -0.7400 -1.0800 -169.7900;
-302.6100 -331.3200 64.2600 -2.5800 -1.3900 -170.2400;
-298.4100 -330.6600 64.3000 -2.0600 -1.1800 -170.0500;
-294.1000 -330.4800 64.2300 -2.4400 -1.2900 -170.1500;
-289.7700 -329.9900 64.8100 -2.9600 -1.3000 -169.8600;
-285.4400 -329.5700 64.5500 -3.3300 -1.4400 -169.8400;
-280.8200 -328.8200 64.8400 -3.1900 -1.7100 -170.1500;
-276.8100 -328.3000 64.6600 -3.7700 -1.5900 -170.2400;
-272.1400 -327.1000 64.4600 -2.1000 -1.4400 -169.7000;
-268.2100 -326.7900 64.6600 -2.2100 -1.1500 -169.8400;
-263.8100 -326.3900 64.7100 -1.6200 -1.0000 -169.6600;
-259.9200 -326.0100 64.3300 -2.4400 -1.2400 -169.5900;
-255.6400 -325.5300 64.8700 -2.1100 -1.4100 -169.9100;
-251.6800 -324.9200 64.7300 -2.0900 -1.1300 -169.9800;
-247.5800 -324.0400 64.8800 -1.5600 -0.9400 -169.6200;
-243.5300 -323.4700 65.3300 -1.3300 -0.6100 -169.6500;
-239.6300 -323.3700 65.4600 -0.4300 -0.3500 -169.4200;
-235.4200 -322.2000 65.4000 -0.1800 0.1100 -169.0500;
-231.6800 -322.0500 66.4300 -0.7800 0.1600 -169.7000;
-227.2100 -321.2200 65.9100 0.2000 0.2800 -169.6400;
-222.6200 -320.4300 65.4700 -0.9000 0.1600 -170.3800;
-217.5200 -319.9400 64.5500 -1.3300 -0.5500 -170.0800;
-213.0100 -320.0200 64.8600 -1.7200 -0.6100 -170.2200;
-209.0800 -318.9200 64.8700 -0.6800 -0.2700 -169.6700;
-204.9400 -318.3700 64.9200 -0.5400 -0.4900 -170.0600;
-200.8300 -318.7300 65.0000 -1.4400 -0.3500 -169.8600;
-196.8400 -318.1100 65.1800 -1.1000 -0.3100 -169.7900;
-192.6200 -317.8700 65.5300 -1.1200 -0.2600 -169.8000;
-188.3400 -317.4100 65.2200 -1.1500 -0.2500 -169.6300;
-183.7900 -317.8400 64.8600 -3.5900 -0.8200 -170.6000;
-179.9600 -316.8600 65.5000 -2.8700 -0.3900 -169.8400;
-176.1900 -317.7500 66.3300 -3.7200 -0.0900 -170.0400;
-171.9600 -316.9800 66.3600 -3.7900 0.0100 -170.0300;
-167.8000 -316.2500 66.5400 -3.5200 0.3700 -170.3100;
-163.3700 -315.7900 66.3000 -3.4400 0.3300 -170.5400;
-159.4200 -315.9000 65.2800 -3.5500 0.7500 -170.7500;
-155.0900 -315.6100 65.1000 -3.7200 0.6600 -170.6600;
-151.0300 -315.1200 65.4800 -3.2400 0.8000 -170.7100;
-146.6900 -314.6700 65.4700 -3.1000 0.8900 -170.8000;
-142.5100 -313.3100 66.7700 -3.0100 0.4000 -170.3600;
-138.0000 -312.8900 66.3400 -3.2900 0.1600 -170.2500;
-133.5300 -312.5000 66.1200 -3.1100 0.3300 -170.3600;
-129.2600 -311.6100 66.4600 -3.0200 0.1700 -170.1700;
-125.7100 -311.6200 68.8400 -1.1200 -0.7000 -170.2000;
-121.6400 -311.1200 69.0000 -1.0200 -0.7000 -170.1200;
-117.0600 -310.5300 68.6500 -2.3700 -1.2300 -170.6400;
-112.8400 -310.1000 68.4100 -2.2000 -1.3600 -170.4900;
-108.5500 -309.5200 68.6100 -2.1400 -1.4900 -170.5000;
-104.0100 -308.7100 67.3700 -2.4900 -0.3000 -170.4600;
-99.8100 -308.7200 67.8900 -2.4400 -0.8900 -170.8700;
-95.6900 -307.9400 67.9000 -2.3800 -0.7300 -170.8200;
-91.5500 -307.4100 68.0300 -2.4600 -0.5500 -170.9700;
-87.4700 -306.8100 68.1300 -2.5300 -0.7100 -170.8300;
-83.0200 -306.3400 67.7900 -1.9900 -0.5700 -170.8200;
-78.5400 -306.4100 67.5100 -2.2400 -0.9000 -170.7000;
-74.2200 -305.8200 67.4700 -2.4700 -0.8500 -170.6400;
-70.0500 -305.2800 67.3100 -2.5100 -0.9700 -170.5700;
-65.8500 -304.7100 67.6500 -2.1700 -1.0300 -170.6300;
-61.8000 -303.9900 67.5500 -2.3000 -0.9700 -170.7900;
-57.6100 -303.6500 67.5200 -2.4800 -1.0400 -170.6800;
-53.4700 -303.1100 67.5200 -2.2300 -1.2000 -170.4500;
-49.7300 -302.4900 67.5300 -2.7400 -0.9600 -171.0400;
-45.5000 -302.1300 67.7600 -2.8000 -0.9800 -171.2100;
-41.2600 -301.4200 67.9400 -2.6300 -1.2900 -170.9600;
-37.0500 -300.5300 67.8800 -2.8000 -1.0900 -170.8900;
-32.5200 -299.3200 66.6600 -2.2200 -1.0300 -170.1700;
-28.1000 -299.3900 67.2400 -2.7800 -1.7100 -170.8100;
-23.9400 -298.9900 67.2000 -2.5900 -1.9100 -170.9100;
-19.8500 -298.3700 67.4600 -2.3700 -1.9500 -171.0400;
-15.5500 -297.8200 67.1800 -2.1100 -1.9800 -170.8600;
-11.6500 -297.7600 67.7500 -2.1900 -1.4300 -171.0400;
-6.8000 -297.1000 67.9200 -2.5200 -2.0300 -170.6500;
-2.3800 -296.5900 67.6400 -2.7900 -1.8400 -170.7100;
2.0900 -295.8700 67.6100 -2.8300 -1.8600 -170.5500;
5.9200 -296.2100 67.7500 -2.4000 -2.0000 -171.2500;
10.4600 -296.1900 67.5400 -2.5600 -1.7800 -171.4100;
15.1400 -295.0000 67.5700 -2.4600 -1.8600 -170.9000;
18.4800 -293.9900 67.4600 -2.3400 -1.0000 -171.2400;
22.4700 -293.5300 67.3000 -2.6000 -0.9900 -171.2100;
27.0700 -292.8500 67.2000 -2.2300 -1.4000 -170.7600;
31.2200 -292.2100 67.1100 -2.3500 -1.4200 -171.0200;
36.1000 -291.3400 66.8400 -1.7000 -1.6700 -170.7500;
40.2700 -290.8300 67.0600 -2.3400 -1.4800 -170.8200;
44.6000 -290.2300 66.9600 -2.4100 -1.4800 -170.8800;
48.9400 -289.7300 66.8700 -2.2700 -1.4200 -170.9400;
52.9600 -289.1500 66.8300 -2.4500 -1.1500 -170.9800;
57.0600 -288.8100 67.1000 -2.5700 -1.0800 -171.1500;
60.7300 -287.8800 67.8300 -2.6900 -0.4300 -171.5800;
64.9000 -287.7000 67.7400 -2.8300 -0.4300 -171.6000;
69.1300 -287.0500 67.7000 -2.5900 -0.5200 -171.3900;
73.2500 -286.5300 67.5100 -2.5700 -0.5500 -171.4900;
77.4200 -286.2800 67.5000 -2.5600 -0.5300 -171.5200;
84.0900 -285.4600 69.8200 -3.2300 -3.9300 -171.1600;
88.3400 -285.1700 70.4900 -2.7500 -3.8100 -171.0500;
92.6100 -284.8100 70.7900 -2.8100 -3.9200 -171.1400;
97.1000 -284.5100 70.0600 -2.9000 -3.3000 -171.2400;
101.1600 -283.9800 70.1800 -2.9000 -3.0100 -171.0600;
105.4900 -283.5100 70.1500 -2.7000 -3.1600 -170.9100;
109.5600 -282.9400 69.8900 -2.9400 -3.2200 -170.8600;
113.6600 -282.2300 69.9100 -2.9000 -3.1600 -170.8600;
117.8000 -281.7600 69.7700 -2.9100 -3.1200 -170.9900;
121.9000 -280.8600 70.2400 -3.0300 -3.5000 -170.7400;
125.9800 -280.2600 70.4200 -2.9500 -3.6100 -170.7000;
130.1500 -279.8800 70.3800 -2.6100 -3.4100 -170.6300;
134.3000 -279.4800 70.3600 -2.2900 -3.2400 -170.5000;
138.5900 -279.0600 70.3600 -2.5500 -3.4200 -170.4000;
142.8600 -278.6700 70.8500 -2.2700 -3.2400 -170.3700;
146.8400 -277.9300 70.6800 -2.4100 -3.1800 -170.4700;
151.9700 -277.2700 69.7700 -3.1900 -4.0900 -170.8500;
156.5600 -276.4800 69.7400 -3.3100 -4.2100 -171.0700;
160.8400 -276.0200 69.4800 -3.0700 -4.1100 -170.9500;
165.2200 -275.6100 69.3100 -2.9800 -3.9700 -170.8600;
169.3800 -275.1000 69.6700 -2.6800 -3.8700 -170.6600;
173.6900 -274.6400 69.9800 -2.5100 -3.5900 -170.5600;
178.0900 -274.1000 69.9000 -2.7700 -3.7800 -170.8200;
182.1700 -273.5500 69.9600 -2.9800 -3.9000 -170.7900;
187.0400 -271.8600 69.0800 -3.4400 -4.7300 -171.3900;
191.7500 -271.1400 68.3300 -3.6900 -4.8700 -171.7100;
194.5900 -271.6700 69.3100 -2.8900 -3.7600 -171.0200;
198.7900 -271.4000 69.8500 -3.3700 -3.5200 -170.8000;
203.2000 -270.8400 69.7600 -3.0300 -3.6800 -170.8700;
207.1700 -270.4700 69.8100 -3.0300 -3.6800 -171.0800;
211.7300 -269.8100 70.1300 -2.7700 -4.0400 -170.9700;
215.7200 -269.4000 69.3100 -2.6300 -3.6800 -170.9900;
219.9300 -268.8200 69.3900 -2.8900 -3.7700 -171.0600;
222.4400 -269.3600 63.3900 -4.1300 1.1700 -171.4300;
226.6500 -268.2400 63.9600 -4.1300 0.5800 -171.2900;
230.7200 -267.9600 63.7200 -4.2900 0.6700 -171.3200;
235.1200 -267.7100 63.9400 -4.3200 0.9000 -171.4900;
239.3900 -267.2600 63.8100 -4.4900 1.0100 -171.2500;
243.4800 -266.5700 63.6700 -4.1000 0.7500 -171.1300;
247.9300 -266.6300 64.1900 -3.7000 1.1800 -171.4500;
251.4800 -266.3400 64.1800 -3.9900 1.5800 -171.2600;
256.1900 -265.0100 64.6000 -3.4600 0.9400 -171.0600;
260.1800 -265.0400 66.4100 -2.8600 -0.8000 -171.3000;
264.4200 -264.5000 66.2500 -3.2400 -1.0100 -171.3400;
268.4400 -263.7600 65.2700 -3.7300 -0.2900 -171.0000;
272.8400 -263.3800 63.6000 -3.9400 0.7400 -170.9900;
277.0000 -263.2200 63.8600 -3.8400 0.7300 -171.0300;
281.0200 -262.8400 63.6200 -4.0400 0.9400 -171.0300;
285.2100 -262.0500 63.9200 -3.5400 1.0700 -171.0500;
289.6600 -261.9200 64.2100 -3.7500 0.9200 -171.3200;
294.0400 -261.7100 64.1500 -3.8500 0.7700 -171.4800;
298.3600 -260.8900 63.8200 -3.6000 0.8100 -171.3200;
302.4500 -260.0000 63.8400 -3.7900 0.4000 -171.1200;
306.7400 -259.4600 63.8200 -3.8400 0.8600 -171.6000;
310.9800 -259.0400 64.1000 -3.9400 0.8000 -171.6800;
315.1200 -258.4000 64.4000 -3.4600 0.6800 -171.8800;
319.2200 -257.8400 64.3000 -3.7100 0.6100 -171.9100;
323.2300 -256.7600 64.3600 -3.4000 0.4900 -171.6400;
327.2800 -256.6900 64.0100 -3.3800 0.7700 -171.7200;
331.5500 -256.6700 64.0000 -4.0700 0.7500 -172.0200;
336.0000 -255.9200 64.0700 -3.0700 0.7500 -172.0600;
340.0700 -255.4500 64.3400 -3.6900 0.6600 -171.7800;
344.4600 -253.9900 64.7000 -2.8000 0.4900 -171.4700;
348.5700 -254.9400 64.1900 -3.9400 0.3000 -171.7300;
352.7000 -254.1700 64.1000 -3.4400 0.1100 -171.7100;
356.9600 -254.3600 64.7900 -2.9100 -0.0000 -172.0300;
361.5200 -254.2300 64.0600 -3.3500 0.3400 -172.2800;
365.7500 -253.4100 64.3100 -3.1300 0.1600 -172.0400;
370.0200 -252.8400 64.0200 -3.5700 0.6900 -171.8500;
374.1000 -252.5300 64.3000 -3.3700 0.7300 -171.8800;
378.5600 -251.8200 63.9500 -4.0600 0.3000 -171.7800;
382.6800 -251.2400 64.0700 -3.5500 0.6200 -171.8200;
386.9800 -250.7200 63.8900 -3.6300 0.5200 -171.9000;
391.2500 -250.4300 63.7800 -3.2900 0.8000 -171.8700;
394.7400 -249.5200 69.1200 -0.7800 -1.4200 -171.2100;
398.7900 -249.2700 69.2600 -0.8700 -1.2900 -171.2800;
402.6400 -248.7400 68.5300 -1.4200 -0.6100 -171.2400;
406.7600 -247.9400 68.4800 -1.2800 -0.8200 -171.1300;
410.8500 -247.7000 67.9000 -1.6400 -0.7300 -171.3200;
415.1300 -246.7300 67.9600 -1.3200 -0.7700 -171.0200;
419.3600 -246.5500 68.0500 -1.2100 -0.8700 -171.1100;
424.3100 -245.7900 68.8300 -1.5700 -1.3000 -170.9000;
428.5700 -245.9200 68.7900 -1.7200 -0.9700 -171.1900;
432.9700 -244.9600 69.4400 -1.2800 -1.1600 -171.0600;
436.4400 -244.9100 69.0700 -1.1800 -0.8800 -171.3300;
440.1900 -244.5700 69.2100 -1.4300 -0.6600 -171.3200;
444.1700 -243.4900 69.4800 -0.9500 -0.4500 -171.1000;
451.4800 -242.7100 69.4000 -2.2600 -2.1500 -170.7600;
457.2400 -241.9800 69.7700 -2.0000 -4.3200 -171.9600;
461.2100 -241.4800 70.0000 -2.5600 -4.0100 -172.1400;
464.8500 -241.4500 71.0100 -2.0100 -3.5000 -171.6500;
469.2500 -241.1900 70.6300 -2.1600 -3.7400 -171.7400;
473.6900 -240.7500 70.3300 -2.6000 -3.7200 -171.7800;
477.8300 -240.3700 70.0200 -2.9500 -3.7900 -171.8500;
482.1500 -239.8200 70.3000 -2.8600 -4.0700 -171.9200;
486.1800 -239.2900 70.2900 -2.8000 -3.9200 -171.9600;
490.5100 -238.3300 70.5500 -2.8100 -3.7600 -172.1000;
494.7100 -237.9500 70.4800 -3.0400 -4.0000 -172.1900;
498.6800 -237.4400 70.7500 -2.5300 -3.9900 -171.9800;
503.0200 -237.5500 70.6400 -2.7000 -3.9100 -171.9900;
507.1600 -237.1600 70.4000 -2.6500 -3.6100 -171.9300;
511.5400 -236.8500 70.3700 -2.4400 -3.8000 -172.0100;
515.7600 -236.3600 70.6900 -2.4300 -3.9000 -172.0000;
520.1500 -235.9100 70.9500 -2.4000 -3.7600 -171.9800;
524.3100 -235.4500 70.6100 -2.6000 -3.6800 -172.1000;
528.4400 -234.8700 70.7400 -2.5600 -4.0800 -172.0600;
533.1300 -234.5800 70.1400 -2.9300 -3.9100 -172.2100;
537.4400 -234.1600 70.1300 -2.8300 -3.6500 -172.1500;
541.3700 -234.1200 71.0600 -2.2300 -4.2500 -172.2000;
545.7400 -233.5900 71.2500 -2.3500 -4.1800 -172.2000;
550.2600 -233.0600 71.7000 -2.3400 -4.3100 -172.3300;
554.4800 -232.7900 71.3800 -2.2500 -4.5100 -172.2700;
558.7900 -231.9200 71.0300 -2.9800 -4.2800 -172.2300;
562.6000 -231.4100 71.6900 -1.8500 -4.5400 -172.0200;
566.6300 -231.2900 72.1500 -1.2800 -4.6000 -172.1300;
570.9100 -231.0600 72.5600 -0.8700 -4.7500 -172.2300;
574.5300 -228.7200 70.1800 5.9900 -4.5800 -171.0800;
578.8100 -227.9000 69.8700 6.0800 -4.1800 -171.0200;
583.0600 -227.4300 69.5700 5.8900 -3.9900 -171.0800;
585.5500 -228.6800 68.8200 -0.8400 -0.7600 -171.0000;
590.2500 -227.9200 68.9600 -1.6000 -0.5200 -170.7200;
594.0900 -227.5400 68.5700 -0.8500 -0.1300 -170.8800;
598.3000 -227.1300 68.4900 -0.2800 -0.0800 -170.8300;
604.1600 -223.2400 66.2500 5.4900 -1.3400 -169.7200;
608.9700 -223.8000 67.4600 2.4600 -0.9700 -169.7100;
613.0800 -223.2200 67.0100 2.1600 -0.8800 -169.6700;
617.2000 -222.6100 66.8800 2.1900 -0.8100 -169.5000;
621.6300 -222.2500 67.0600 2.7700 -0.7500 -169.6400;
626.1300 -221.7600 66.8900 2.9700 -0.8400 -169.7900;
627.9500 -224.1400 68.4100 -0.1600 -0.3300 -171.0500;
634.9600 -219.2200 64.5700 6.3800 -0.3100 -169.1100;
639.5200 -218.3800 64.3300 7.6500 -0.5200 -168.9800;
643.8800 -217.7700 63.9600 7.6900 -0.4600 -168.8600;
647.6700 -217.7400 64.1200 6.6200 -0.6300 -168.9100;
651.8700 -217.5000 64.1000 6.5700 -0.9500 -168.9100;
655.9000 -217.1700 63.6700 6.5600 -0.9600 -168.9300;
659.9800 -217.0700 63.5500 6.1800 -0.9700 -169.1400;
664.0900 -215.7400 63.2300 7.4200 -0.8500 -168.7000;
667.7400 -220.1000 83.2100 0.1400 -12.1900 -171.2000;
671.9900 -219.6300 83.9300 -0.4100 -12.5800 -171.2400;
676.1900 -219.2100 83.8400 -0.2700 -12.5500 -171.1600;
680.2700 -218.4800 83.5800 -0.0200 -12.1600 -170.9600;
684.6000 -218.5300 84.3500 -0.1700 -12.6100 -171.3000;
688.7800 -218.1700 83.6800 -0.0600 -12.3900 -171.3800;
693.0100 -216.7900 84.9300 -0.2900 -13.0400 -170.9600;
619.2800 -228.2200 160.8200 -167.4300 77.5900 172.9000;
620.9800 -226.1900 161.2900 -167.6000 79.3300 172.0700;
634.5400 -229.8600 159.1800 -162.8500 73.3600 169.9000;
636.0500 -227.8400 160.1200 -163.0900 75.0300 169.2700;
639.1500 -228.4400 160.3200 -161.5000 75.7900 168.1800;
639.2900 -227.0500 160.5900 -160.4300 78.7700 166.6600;
644.7100 -226.9800 160.4500 -160.1600 78.1400 166.6500;
648.9500 -226.3900 160.2000 -159.8800 78.2200 166.4700;
657.0600 -226.8000 158.8300 -159.8700 75.7100 167.4500;
659.7400 -228.0300 158.7800 -156.1800 76.5700 164.6200;
664.6400 -226.4500 159.1000 -158.0100 76.1200 165.6700;
669.6400 -223.4600 159.9900 -161.4000 75.4500 167.8600;
673.7500 -225.7800 159.0700 -157.5400 75.9100 165.4800;
674.2900 -223.0300 160.2700 -156.6300 78.1000 163.4200;
680.0200 -222.7600 160.4200 -158.5000 77.0100 165.5000;
684.3900 -221.8100 160.4000 -159.2200 77.0500 165.8600;
688.6400 -221.3500 160.1300 -159.8100 77.2300 166.6200;
692.5400 -221.3600 159.8400 -158.2400 77.4600 165.3600;
695.8900 -221.1900 160.4300 -157.7600 77.9600 164.8400;
703.6900 -220.5600 160.6100 -161.8100 75.4800 168.8100;
705.9200 -219.4800 160.3400 -159.3100 77.0700 165.8900;
787.3100 -203.8400 80.5100 1.8500 -10.4900 -169.8200;
791.5200 -203.4000 82.5400 2.4900 -12.0100 -169.6300;
795.9700 -203.4000 82.5300 2.3900 -11.9400 -169.8700;
797.6200 -206.8300 69.3300 -0.4500 -1.1100 -171.8700;
801.7500 -206.6900 69.4400 -0.6100 -0.9600 -171.9100;
];